i =  1, eigenvalue =  -0.12423905E+02
i =  2, eigenvalue =   0.43933071E+01
i =  3, eigenvalue =   0.17676353E+02
j =  1
C =   0.22627417E+02
j =  2
C =   0.22627417E+02
j =  3
C =   0.22627417E+02
