i =  1, eigenvalue =   0.10763774E+02
i =  2, eigenvalue =   0.12760878E+02
i =  3, eigenvalue =   0.31962640E+02
j =  1
C =   0.22627417E+02
j =  2
C =   0.22627417E+02
j =  3
C =   0.22627417E+02
