i =  1, eigenvalue =   0.75683291E+01
i =  2, eigenvalue =   0.11536881E+02
i =  3, eigenvalue =   0.26346897E+02
j =  1
C =   0.22627417E+02
j =  2
C =   0.22627417E+02
j =  3
C =   0.22627417E+02
